2.26790204644
2.24047840238
2.23545096517
2.23272607923
2.22947294116
2.22499614954
2.21922413111
2.2093337059
2.19457554221
2.16916049123
2.12456723452
2.05527088344
1.94886212051
1.79033745825
1.62232176661
1.49156988859
1.37082054019
1.29630907774
1.22324639559
1.16525849998
1.1130776614
1.07029922754
1.02843252867
0.993602021039
0.968177713454
0.9419898808
0.917452646792
0.895816230774
0.872799012065
0.863792565465
0.837122297287
0.827451919019
0.807535277307
0.797670915723
0.78373503685
0.772092239559
0.763819634914
0.757808202505
0.750846877694
0.736008435488
0.731833383441
0.723282834888
0.713432839513
0.706264965236
0.695311684906
0.686526849866
0.684153726697
0.67970392406
0.671974819899
0.6668874681
0.663944150507
0.651025898755
0.644062742591
0.634001466632
0.639183603227
0.630306878686
0.625881391764
0.621877547354
0.621237118542
0.612266196311
0.615051004291
0.610055674613
0.606187897921
0.606125923246
0.594697669894
0.593656542897
0.591883362085
0.583710896969
0.580457216501
0.578833016753
0.579404504597
0.568731638044
0.569099087268
0.573234729469
0.570799593627
0.562387423962
0.558232340217
0.557994309068
0.55443809405
0.553796090186
0.546847569197
0.550188275427
0.54540123269
0.545849524438
0.541444022954
0.533134394139
0.538910248131
0.532676030695
0.536319081485
0.531431427598
0.52182302773
0.522120049596
0.519410138577
0.516827008873
0.521091675013
0.516096740961
0.512691900134
0.513891131431
0.510324322432
0.507969691604
0.51163648665
0.499510272592
0.491060970724
0.499395747483
0.504099737853
0.499018546194
0.498536280543
0.493100913614
0.495127494633
0.485951144248
0.483403904736
0.487722135335
0.485062724352
0.48239011988
0.478812728822
0.477866898477
0.472785755992
0.475804092735
0.476893695444
0.474584050477
0.465213762969
0.469893205911
0.468641218543
0.467006549239
0.463547258824
0.470148254931
0.467375197262
0.457637280226
0.456324017048
0.460062579066
0.455879161507
0.461954431236
0.450066186488
0.459532476217
0.458452349156
0.449730277807
0.449956532568
0.449727696925
0.446306668967
0.445798738301
0.436168134212
0.445778691769
0.43687537089
0.435860310495
0.440098992735
0.443276934326
0.434731191397
0.436593233794
0.427326067537
0.430091072619
0.431844609231
0.432963513583
0.427346490324
0.426103483886
0.429837852716
0.425462785363
0.426320178807
0.42185446769
0.422475630045
0.42502816394
0.415500193834
0.429157429934
0.422935013473
0.418226829916
0.413871151954
0.411759604514
0.414009021223
0.412204183638
0.410945822299
0.414948885143
0.409090995044
0.40348321721
0.414156590402
0.403201790154
0.41102777198
0.405634477735
0.401477302611
0.398404303193
0.403238420188
0.398777828366
0.400628508627
0.396381826699
0.400535833836
0.40023689419
0.396095368266
0.39958582297
0.391068696976
0.397219953686
0.396601231396
0.387959115952
0.390128029883
0.396089816093
0.389083448052
0.391066525131
0.382045344263
0.382341314852
0.387377197295
0.387323255837
0.383670116961
0.384052492678
