2.2755633831
2.24165505171
2.23746945858
2.23675211668
2.23700315356
2.23681743145
2.23642453551
2.23669104576
2.23664568663
2.23657081127
2.23662743568
2.23631168604
2.23630251288
2.23655483127
2.23654328585
2.23659707308
2.23672181368
2.23577691317
2.2365850389
2.23664886951
2.2365015626
2.23586170673
2.2366632998
2.23673080802
2.23648011088
2.23627263308
2.23636232018
2.23685892224
2.23628299832
2.23559199572
2.23629713058
2.23625830412
2.23602234721
2.23627403378
2.23632640243
2.23632175922
2.23628118038
2.23636396527
2.23610058427
2.23590664268
2.23607792258
2.23660793304
2.2361340344
2.23594511151
2.23629670739
2.23622015715
2.23639726639
2.23600732088
2.23588719964
2.23614274859
2.23634658456
2.23647089601
2.23603923321
2.23583696485
2.23593484759
2.23631037474
2.23599946499
2.23606072664
2.23614171743
2.23622857928
2.23634495139
2.23612619638
2.23623923659
2.23618052602
2.23596752286
2.23612226248
2.2360910356
2.2358705163
2.23600867391
2.23603806496
2.23581830859
2.23613513708
2.23590736389
2.23597634435
2.2358080864
2.2361527741
2.2356474936
2.23591634631
2.23604402542
2.23600612879
2.2359272182
2.23592672348
2.23605183959
2.2360065043
2.23577046394
2.23592594266
2.23588577509
2.23586317301
2.23623249531
2.23606333733
2.23609637618
2.23593582511
2.23586181402
2.23565540314
2.23567888141
2.23555178046
2.23528540134
2.23505527377
2.23493801951
2.23487321138
2.23456235528
2.23424665332
2.23416575193
2.23339706659
2.23301638961
2.23230273724
2.23135389686
2.22948837876
2.22731058598
2.22498786449
2.22046585083
2.2113412261
2.2030700922
2.18929727674
2.1772246778
2.16297653913
2.15045057535
2.13756414652
2.12257191539
2.10202970505
2.08789860606
2.06544840932
2.0381793797
2.00595251024
1.96755333543
1.91632134616
1.82559071481
1.74801095426
1.71660414636
1.70296332538
1.67640267611
1.66108110249
1.63725658059
1.62324754596
1.62601636052
1.61059110761
1.59411256313
1.58754965067
1.5778703928
1.57802056968
1.56430582702
1.56156361699
1.54671060443
1.53924848735
1.53784183264
1.5318120569
1.53289773762
1.52757515609
1.52009650469
1.51975687146
1.50470564663
1.51896754503
1.50796962082
1.50336913168
1.48629287481
1.50114171505
1.50088302791
1.49395927191
1.47785356343
1.477896294
1.48622749746
1.483108446
1.48113999367
1.47045004368
1.47518469989
1.47831291556
1.4637703836
1.47177263796
1.45418640077
1.46761183739
1.46142925918
1.45209892094
1.45613987148
1.45959760547
1.46012154818
1.45592729151
1.46372166276
1.44741742313
1.44641836286
1.4467551142
1.43900183439
1.444168365
1.44472669661
1.4325501591
1.42499375045
1.43298159242
1.43650664091
1.4337284416
1.42905561328
1.43223333359
1.42216238081
1.42930848598
1.43070297837
1.42783166766
1.4260728389
1.42001758814
1.4169823736
1.43168981075
1.41858586073
1.42082369626
