2.26403285861
2.23030143976
2.22080432773
2.20459883213
2.16525095701
2.04396929443
1.72686141729
1.33219875991
1.03532538712
0.850783678889
0.738176167011
0.662300239503
0.610538996756
0.575864157826
0.542789679766
0.51946881786
0.497891486436
0.47966420278
0.462694714218
0.44584095031
0.432325214893
0.416549383104
0.406168980896
0.392535901815
0.38031418249
0.368707114458
0.356573479623
0.346401356906
0.335914066434
0.326560176536
0.315684704483
0.308209656179
0.298323391378
0.29122091271
0.280623458326
0.273867682368
0.265630094334
0.257808882371
0.251128557324
0.243036615849
0.237899727747
0.227585541084
0.221123800054
0.21501451917
0.207667065412
0.201247682795
0.195024088398
0.189721414447
0.183940037712
0.1760963073
0.172025709599
0.165791900456
0.159928199835
0.154666189849
0.149203990214
0.142462977208
0.137940342724
0.132646854594
0.128206042759
0.121274869144
0.117929270677
0.115251762979
0.109215399995
0.105844765529
0.100090117101
0.0970768677071
0.0935736156069
0.0865315442905
0.0861200218089
0.0806346310303
0.0788389327005
0.0751684100367
0.0706775286235
0.0666039727628
0.0645956562832
0.061096851062
0.0584563384764
0.0549344230443
0.0540562420152
0.051666604355
0.0474873907398
0.0461644304451
0.0426333487965
0.0413755415007
0.0385445891414
0.0380119512789
0.0370381847955
0.0343112552539
0.0322670045774
0.0310443536378
0.0287462298758
0.0280306911096
0.0259255809244
0.0245192844421
0.0235968147172
0.0220995411277
0.0208480252651
0.0196634084452
0.0186462658457
0.0181633569067
0.0178222635295
0.0166511045769
0.0159483433003
0.0150410258677
0.0143953126622
0.0136203746311
0.0131581892492
0.0127300252439
0.0121727748774
0.0114181600511
0.0112788931932
0.0105454451405
0.0101818596944
0.00982754448196
0.00966232358478
0.00927399918437
0.00900889653713
0.00849011403043
0.00827973103151
0.00804584304569
0.00777747886023
0.00745536768809
0.00722889895551
0.00708027390065
0.006877485523
0.00654649621574
0.00648237246787
0.00626965545816
0.00603003654396
0.00591363509884
0.00578260690672
0.00557699596975
0.00540098840138
0.00538547449978
0.00523557452252
0.00508375185309
0.00493725129636
0.00482879033079
0.00473081474775
0.00456888694898
0.00453539834707
0.00434953006334
0.00427443883382
0.00418321028119
0.00413518540445
0.00401256409823
0.00393654759973
0.00384262003936
0.00376256136224
0.00366904087132
0.00361190399271
0.00353050149861
0.00350899672485
0.003455102304
0.00338093667524
0.00331196861807
0.00322441124008
0.00320210570353
0.00313856052817
0.00307491300046
0.00306376820663
0.00298045509262
0.00292447549291
0.00285940718022
0.00284647903754
0.00279694968485
0.00275739127537
0.00271065006964
0.00264106536342
0.00262463892868
0.0025727503642
0.00255155341292
0.00251141606714
0.00248815416417
0.00240522802633
0.00237633831857
0.00234923241951
0.00232807563734
0.00229890796472
0.00225647993211
0.00224472843984
0.00221831854724
0.00218394571857
0.00215359654976
0.00212718042312
0.00208510959637
0.00205713992182
0.00203945941757
0.00201635932317
0.00200702020375
0.0019708266831
0.00193418223353
0.00191885626118
0.00189268267131
0.00187622848025
0.00185051450972
0.00182304065384
0.00181439754087
0.00178034981654
0.00175953711732
