2.28392092586
2.24490590096
2.23883860707
2.23755331039
2.23580092192
2.23532990217
2.23227283955
2.23149242401
2.22945632935
2.22709687948
2.21828219295
2.20942276716
2.18877550364
2.15326786637
2.09767354131
2.03595080674
1.97958049476
1.92325747609
1.88093018532
1.83153776228
1.77988695502
1.74065959156
1.70487864316
1.67123884559
1.63789793849
1.61528562009
1.59293589294
1.56706726551
1.53983256817
1.52651459873
1.49907571077
1.48983000517
1.47154361308
1.44778042436
1.42764045894
1.4195574671
1.39572372735
1.37956831753
1.36232756078
1.35451039374
1.33315380812
1.30591188967
1.30482756495
1.26397507787
1.26088909507
1.23854268193
1.22334383428
1.20960595906
1.19671826661
1.16424932182
1.1756752789
1.14920809269
1.13944936097
1.11553520262
1.09732807279
1.08939376324
1.07585456967
1.06588489413
1.05661578029
1.04823367745
1.03585743159
1.03512874842
1.01688420177
1.01680346876
1.00162219256
0.993533338606
0.978516793251
0.982009363174
0.973786075413
0.965496261418
0.943441544473
0.950423783064
0.946292601526
0.94787145853
0.940369088948
0.916924120486
0.929700276256
0.918517246842
0.911559039354
0.902438262105
0.887613113225
0.89459643513
0.881896173954
0.880052644014
0.880272383988
0.877625288069
0.870408341289
0.864286008477
0.866506052017
0.862009143829
0.850478455424
0.846423973143
0.843158426881
0.839574147761
0.830245362222
0.840090191364
0.820031286776
0.827985924482
0.825237575173
0.815686786175
0.821410603821
0.809918987751
0.808259616792
0.811816997826
0.802258633077
0.779111023247
0.79614456445
0.794027730823
0.798886631429
0.783986979723
0.786452066898
0.794314607978
0.781044304371
0.775090366602
0.779660889506
0.768876467645
0.767276057601
0.767241181433
0.771651686728
0.768323427439
0.756129594147
0.761709646881
0.757896365225
0.747773303092
0.747927322984
0.738750323653
0.741532422602
0.745850920677
0.744915835559
0.745070885122
0.743011263013
0.733448523283
0.740035194159
0.7372344926
0.731263810396
0.731154824793
0.733069993556
0.724246150255
0.722828944027
0.7236127913
0.722592076659
0.737445686758
0.7146787256
0.716156509519
0.71713680625
0.716139441729
0.709217873216
0.715354964137
0.708608941734
0.709401102364
0.703185078502
0.701983305812
0.710365307331
0.692860400677
0.697873847187
0.702198337018
0.712899470329
0.698471562564
0.707228162885
0.695692564547
0.681158325076
0.686775057018
0.679906830192
0.690005087852
0.681750963628
0.682624509931
0.67699098587
0.676859737933
0.675143410265
0.678622449934
0.682145676017
0.671413356066
0.687558783591
0.675004661083
0.67190861851
0.680626061559
0.684825217724
0.675992016494
0.670040777326
0.668091070652
0.673987771571
0.662368749082
0.664884206653
0.6583360672
0.666987767816
0.666885107756
0.662222914398
0.664576420188
0.664980529249
0.664786669612
0.655167751759
0.657723148167
0.654989133775
0.65805593431
0.649403600395
0.641000060737
0.649129392207
0.643055722117
0.655471433699
0.652664016187
