0.186266666899
0.223188889772
0.40780000074
0.5614777767
0.634966664182
0.67408888936
0.703122222092
0.722677777211
0.737000000477
0.748822223478
0.755911111169
0.76453333199
0.77175555461
0.776122222013
0.780955555042
0.785644443168
0.790755556358
0.796488889058
0.798577779531
0.799733334117
0.803711113334
0.80701111224
0.809744444821
0.812366668383
0.817344445321
0.817611110873
0.81903333399
0.820033335355
0.823844447401
0.826711109281
0.826722221904
0.83065555493
0.830766668916
0.831177777052
0.833122221629
0.835366663337
0.834599999918
0.837922225065
0.841422225038
0.840255555179
0.841666665673
0.844488888317
0.84504444268
0.845722222328
0.847122222516
0.848311111
0.84835555421
0.850911109315
0.851966666844
0.853255555034
0.854522222281
0.855066665345
0.855488888754
0.85651111073
0.856233332223
0.858077776432
0.85868888696
0.858622219827
0.858455554313
0.861322222153
0.86139999893
0.862788884176
0.862744444609
0.864244441854
0.864500000411
0.866011109617
0.866722221176
0.86703333358
0.866466664275
0.868855554528
0.869066667888
0.870455555121
0.871666666534
0.869288888243
0.870977777243
0.872155556414
0.872166665064
0.87268888851
0.87437777751
0.874911110931
0.875866666767
0.875444444021
0.876533331143
0.876233334012
0.876855556832
0.876611110568
0.877011111048
0.878788887461
0.878277774983
0.878855555918
0.879777779844
0.879844443997
0.880800001489
0.881222223573
0.881377777457
0.882488892807
0.881544445952
0.882366667853
0.882122224569
0.88392222325
0.884011112319
0.88342222472
0.884655556414
0.884944445888
0.885888892081
0.8856222209
0.885933333635
0.886333333784
0.886900004082
0.887733333972
0.886766669154
0.887133335074
0.887477777733
0.888866669271
0.889377781749
0.889400002691
0.89053333501
0.889477778806
0.890388889776
0.891211113003
0.889944442444
0.8913333363
0.891100001335
0.892300002442
0.893500003219
0.893700002631
0.891455558274
0.892800001966
0.891288891104
0.89410000311
0.893677779039
0.89245555732
0.893900000718
0.893155555593
0.894733336568
0.894000003735
0.895077779558
0.895711111691
0.894444446762
0.896355560422
0.89761111074
0.897133334147
0.896844445666
0.897566667861
0.897877780928
0.897144444452
0.898722223441
0.897777779566
0.898366667827
0.899177779092
0.897788891196
0.898422223661
0.899100001653
0.899888890319
0.900355556276
0.899311113026
0.899611113469
0.899777778321
0.900544446707
0.900311110417
0.900544444058
0.900688888298
0.900555555026
0.902199999491
0.900388891167
0.900844446156
0.902144444982
0.902566666404
0.903911112083
0.90275555816
0.90358889136
0.902488888966
0.904188886616
0.90433333483
0.903188889225
0.903533334202
0.903888890147
0.904777777526
0.903811112046
0.904377779033
0.905655557579
0.905211112565
0.905233335826
0.905266669724
0.906255558795
0.903900001446
0.905144445101
0.906566668219
0.904988889231
0.905722223057
0.907033334838
0.905000002186
0.907788891594
0.90588888824
0.908711113201
0.905544447568
0.907488890489
0.907299999396
0.908533332414
0.908144446876
