2.24646913665
2.21841400691
2.04500884499
1.41845358695
1.06308887345
0.915956514222
0.825682166645
0.766537676539
0.722783183626
0.697731413586
0.668932174359
0.646890667507
0.630148059981
0.614858318865
0.596059513731
0.58638224623
0.574281253346
0.564299266892
0.550614361891
0.545244620953
0.536379530813
0.526802052557
0.522527287475
0.513712742712
0.508056018182
0.501220931539
0.49436858339
0.490920985384
0.487380886291
0.479977050211
0.475875405541
0.469570968194
0.46444968049
0.464161503954
0.456592286697
0.457574054173
0.456370942295
0.44604431263
0.445908732925
0.441403581415
0.440529698559
0.43546086124
0.433995577054
0.428184844979
0.426307162217
0.421027282519
0.420345154618
0.416680127382
0.416410505559
0.410936661065
0.409558399234
0.40872639737
0.40965833962
0.401803487326
0.399807278386
0.399502299513
0.394317984794
0.394217702746
0.395520675395
0.386258751367
0.388640381396
0.388725618167
0.384857540897
0.383272723854
0.38130737756
0.377981127799
0.380768343487
0.377773618698
0.375632759503
0.369535984738
0.372549944052
0.370690192389
0.369276504006
0.363420011316
0.364451169755
0.361555450835
0.361937887541
0.359883371634
0.361811205532
0.357357398633
0.358363593476
0.353886909357
0.354277351924
0.353953464116
0.35082164609
0.35083156888
0.345586025608
0.348080365147
0.346980226891
0.343775397113
0.345469692137
0.344974459921
0.339533100277
0.338111995906
0.339613980268
0.337551339503
0.336340161413
0.335386165551
0.335412988599
0.334076105378
0.33104519727
0.330105346122
0.330151011795
0.329529329602
0.329261537322
0.326542265287
0.326843719823
0.326695399306
0.323889472123
0.325746960938
0.323432972176
0.32121989429
0.319684836268
0.317035253878
0.321320241583
0.3191483289
0.315741815631
0.316931860681
0.31658604624
0.317379524559
0.316453483914
0.311424922092
0.310754902342
0.311712800286
0.310376514069
0.309993940273
0.311250172662
0.309610700927
0.306171636603
0.309784436865
0.310195747869
0.307566244581
0.306293318953
0.306930722509
0.305397417183
0.304567795353
0.303166611812
0.301104689283
0.302227567881
0.298162271402
0.300611897239
0.299919943299
0.302525347684
0.297313951169
0.299508435492
0.293587455792
0.294417061337
0.295632038478
0.293173948675
0.290991261069
0.292668576432
0.29180338851
0.290399452299
0.293445990873
0.294813499493
0.293667388069
0.290192702625
0.289703174574
0.288110731861
0.288931914525
0.290008968541
0.288098305144
0.285885338059
0.285825090536
0.285745528766
0.285329993176
0.288170947134
0.282870661999
0.284847582983
0.284747818964
0.282088883434
0.282766400171
0.283035098442
0.280533571861
0.279455802909
0.282820033495
0.27643822208
0.278633460083
0.276820638031
0.27756111856
0.279185064988
0.278607961535
0.278532248523
0.277642446437
0.273706662123
0.275314367243
0.276659829808
0.275900110177
0.273451803625
0.274442518715
0.272779203951
0.272013399963
0.272672186685
0.27268321429
0.271330321261
0.272528607824
0.271748615588
0.27208999736
0.269456910448
0.26882036158
0.269906862187
0.270042543433
0.265411321287
0.269235516872
0.267562992126
0.266211376871
0.268878722404
0.266115213611
0.266681218786
0.268814282545
0.266498028593
0.265847220272
0.266655919169
0.26490623291
0.2644347524
0.262341558082
0.262683610299
0.260595813287
0.260642845822
0.260733838486
0.257944800173
0.260320989255
0.262485929366
0.261520195007
0.257514766923
0.258909343822
0.25593923011
0.258589394497
0.25703158187
0.259342964845
0.260867147467
0.260095223572
0.254290740831
0.25844449816
0.255837143213
0.257504940246
0.255300974633
0.256711599763
0.256828233706
0.255376670829
0.25519658061
0.256662410498
0.252538096692
0.254991956268
0.253569870549
0.250544918222
0.25214748787
0.252198716359
0.253244999264
0.25267201694
0.252683993003
0.252163709274
0.248649008679
