2.26637666821
2.23389427066
2.22439144254
2.21166003942
2.1808213532
2.09384642839
1.88377001584
1.57158510089
1.28670566678
1.10552558154
0.993070781231
0.888777987659
0.834487506747
0.773472911119
0.737303434312
0.700624884665
0.678076756001
0.649957354367
0.63327434659
0.607025718689
0.590160285681
0.568783708662
0.554910113662
0.548343572021
0.534011977911
0.528694504499
0.514216841012
0.500536186248
0.497462405264
0.486460069567
0.476692187041
0.468287391961
0.460125569254
0.456335631013
0.446974624693
0.439152492583
0.432197814435
0.429037148505
0.419537528604
0.413386696577
0.408678414673
0.409512525052
0.400617933273
0.399718480557
0.387372791767
0.38278760463
0.38194661662
0.375960353762
0.369519731402
0.371434023231
0.363808593899
0.358436267078
0.355492508411
0.354619900137
0.350132342428
0.344563754648
0.343019706756
0.335210163146
0.331727539003
0.326487228274
0.326846272126
0.316359994933
0.322572774068
0.311796264723
0.309552807361
0.310360120237
0.305146365613
0.304120412469
0.303907763213
0.29705936648
0.294084749371
0.289063012227
0.287808079645
0.285238578916
0.28171030879
0.274116296321
0.277774075419
0.269220458344
0.270527953282
0.269467153028
0.267096421123
0.26669356823
0.257543164119
0.255255539715
0.252996971458
0.253051479906
0.252107736468
0.251692018285
0.247394578159
0.241191489249
0.242491171509
0.234332587942
0.23827412203
0.236926626787
0.229043674096
0.224038727954
0.231259680167
0.224215042964
0.225192194805
0.219196879864
0.21683281213
0.213452439383
0.213853878528
0.215013232827
0.214666317403
0.205565384775
0.206417737156
0.204943039268
0.20565299131
0.202385689318
0.199399001896
0.197120276466
0.200754223391
0.194579357654
0.190904426575
0.187830968574
0.18436790593
0.187663044035
0.186041488498
0.179234816507
0.178489285707
0.179930455796
0.175859468803
0.176935738698
0.173282851279
0.172267275304
0.17363893874
0.172310299799
0.168901010975
0.163296658359
0.162035792693
0.168016627803
0.163548365608
0.165136972442
0.158432093449
0.156550604105
0.15749022346
0.155537905358
0.150928365067
0.152039060742
0.150028394535
0.150858406723
0.14852984231
0.147044794075
0.146634857915
0.143497242033
0.148189598322
0.145657365024
0.141023234837
0.141094230674
0.137691707909
0.139334398322
0.136050571501
0.135733756237
0.132995099947
0.132688211463
0.133007358387
0.130795709603
0.12991587799
0.127649180032
0.127750032209
0.122862827219
0.124351319112
0.125623502396
0.124177831598
0.125003622472
0.119039950334
0.120509075746
0.120057045296
0.118418054096
0.115650035627
0.115663040616
0.113147691637
0.114016876556
0.110580971092
0.111536310893
0.109644977376
0.11004521437
0.114048727416
0.108905816823
0.108512274362
0.10409362372
0.102898625005
0.102457043715
0.105034222081
0.102035085112
0.104975558445
0.0996883478016
0.100103402138
0.10133457575
0.103183036856
0.0991430592723
0.0983025371097
0.0975784156471
0.100073971134
0.0977482097223
0.0929038045928
0.0968300309032
0.0948464240879
0.0936394326389
