0.168650000542
0.187900000438
0.190400000662
0.189799999073
0.18984999992
0.193100000918
0.20190000087
0.233100000024
0.288349998742
0.3490500018
0.414899998158
0.480349999666
0.535600001365
0.588799999654
0.620149995387
0.644799996912
0.670000000298
0.691449999809
0.703599999845
0.718450002372
0.726949997246
0.735250002146
0.742950005829
0.752749998868
0.759749999642
0.76589999795
0.77009999603
0.773599997163
0.777750000358
0.785500000417
0.784850002825
0.785249999166
0.789800001681
0.789650003612
0.796249997616
0.79944999814
0.798600003123
0.803050003946
0.802650001645
0.802449996769
0.807799999416
0.812700004876
0.808450001478
0.814699998498
0.811800001562
0.814650002122
0.813950005174
0.819399999082
0.825150001049
0.82215000093
