2.26743100882
2.23991822004
2.23597565889
2.23079767823
2.2230650425
2.21212664843
2.19009694457
2.1504729867
2.07002778351
1.93511625528
1.74953305125
1.55117655993
1.38110015988
1.2449038595
1.14917964637
1.0796642527
1.01031984836
0.968103466928
0.920545245707
0.894470344484
0.860287863016
0.841228829324
0.822000771761
0.799002310634
0.777919986844
0.767956762016
0.754419541359
0.734436751902
0.718122312427
0.708668754995
0.701251721382
0.693466362357
0.685940170288
0.676866430044
0.669225955009
0.65681836158
0.657985498011
0.645508816838
0.641832993925
0.637106201053
0.622512699664
0.614932656288
0.607247464359
0.61101873368
0.601101145893
0.592576231062
0.598884862661
0.584800580144
0.585319286585
0.577521017939
0.572379559278
0.565076073259
0.567729623616
0.562462607026
0.556541477144
0.552532723546
0.549600345641
0.544031850994
0.544670989364
0.544581196457
0.541210723668
0.534184269607
0.528559816629
0.52631777674
0.526511047035
0.524322792888
0.52021208033
0.513422787935
0.510353530943
0.506805785745
0.502356390655
0.497884470224
0.499355396628
0.493097136915
0.494265899062
0.492384707928
0.48692541793
0.491857244819
0.480434954166
0.484139368683
0.484886239469
0.480666889995
0.481839806587
0.477119275182
0.474421047419
0.469852028787
0.466654983908
0.469926764071
0.46168834269
0.463256861269
0.457085876912
0.459707850963
0.45756682083
0.46386577934
0.457121318579
0.44955226779
0.455088162422
0.448634199798
0.448469310254
0.448176981509
0.449782820791
0.436122342944
0.439020678401
0.439311661571
0.441805996746
0.439174698293
0.440035054088
0.432634725422
0.423842702806
0.42913890928
0.42476656884
0.425045070797
0.422647902369
0.424512135237
0.42197913453
0.417727537453
0.422313031554
0.422445635498
0.41643858403
0.406185688823
0.42021600455
0.418341303617
0.408400916308
0.408409617096
0.407498852909
0.409346209466
0.414099293202
0.401950056851
0.409983257949
0.409020526707
0.406813264638
0.40150110051
0.397522597015
0.39833016023
0.398570235819
0.397174780816
0.398119278252
0.391154367477
0.393871444464
0.395400545001
0.396333478391
0.393886671215
0.388616244495
0.3862803258
0.388351776451
0.384101229906
0.384949254245
0.379158394784
0.386733847857
0.380971885473
0.379375858605
0.380396257341
0.376557990164
0.382259692997
0.378955209628
0.370406799018
0.368628315628
0.371310820431
0.372785653174
0.368191284686
0.368072456867
0.372323706746
0.369845698029
0.368265814334
0.360861478746
0.37607794255
0.364067896456
0.3635801211
0.361907751858
0.363819996268
0.365839538723
0.358845338225
0.357051493227
0.354065249115
0.353353696316
0.357093597949
0.348982123286
0.351629401743
0.354923355579
0.352750900388
0.349618673325
0.349737609178
0.347753042728
0.353553200513
0.35196351707
0.35499516204
0.343852891028
0.342317911983
0.343850065768
0.3497671552
0.340037590265
0.335026400536
0.344831123203
0.342774371803
0.335621995479
0.339525525272
0.338664005697
0.334588382766
0.334420053661
0.33751854375
