2.27267303467
2.24039564729
2.23488453627
2.22753019333
2.21778007746
2.20071204305
2.15978016853
2.07247668207
1.91717555821
1.73005298972
1.53593699932
1.36519007385
1.23973421454
1.14118222892
1.06851097345
1.01587957293
0.969150680304
0.934658336639
0.901526549459
0.873640933633
0.843343177438
0.818496334553
0.794646713138
0.782428020239
0.763687220216
0.752714438736
0.737084750831
0.720789603889
0.71422444284
0.697726477683
0.697254985571
0.675167192519
0.678443430364
0.669970147312
0.667815677822
0.648815320432
0.639512033761
0.635103827715
0.627215432376
0.623801495135
0.612992939353
0.604113818705
0.606236426532
0.598955993354
0.594212506711
0.591410195827
0.579422605038
0.574193175137
0.572089961916
0.573020225763
0.565581910312
0.56366500631
0.550391371548
0.551657262444
0.541642462462
0.546957847476
0.54058759734
0.539571020752
0.536578732729
0.532465403527
0.530656478554
0.527562383562
0.522097672522
0.514232488722
0.518175886571
0.52139916122
0.513065091521
0.502321843803
0.503293138742
0.500757147372
0.505344406515
0.498526985198
0.493241979927
0.487877710909
0.492762025446
0.484209098667
0.487639717013
0.477656079084
0.479498656839
0.474321453273
0.477056605369
0.477680171281
0.468919724226
0.472199394554
0.464055378735
0.462412365526
0.458178307116
0.460691100359
0.464743617177
0.453360433877
0.456431289017
0.458167271316
0.451807007194
0.44567143023
0.445900746435
0.446905557811
0.447381477058
0.43605793044
0.433534386009
0.439972702414
0.43396468088
0.435353536904
0.434432579577
0.427671854943
0.430771803856
0.432484936714
0.423725941032
0.418433369696
0.428907592595
0.423714590818
0.429300224781
0.419237458706
0.421457645297
0.41639841646
0.410489088297
0.41684012413
0.413465482742
0.410676553845
0.410970846564
0.410265824199
0.405105710775
0.409095395356
0.402636890858
0.405759907514
0.403000544757
0.394505792111
0.402271334082
0.402351220697
0.400195962936
0.399667954445
0.395995698124
0.396175446361
0.396726743132
0.390898292512
0.390481514484
0.393802900612
0.390655241162
0.388099066913
0.381066203117
0.386385219544
0.378969086707
0.37890368402
0.378245683759
0.379748356342
0.379184235632
0.384596711397
0.373095788807
0.374208369851
0.374562706798
0.374633497745
0.375270453095
0.370381825417
0.367538067698
0.374949213862
0.366550058126
0.367494989932
0.362821942195
0.366494069248
0.37020843178
0.372608938068
0.364163900912
0.364266607165
0.360882814974
0.359279044718
0.360296268761
0.353896477818
0.354605919868
0.363740865886
0.361138542742
0.354403608292
0.353728958219
0.346913524717
0.349713093042
0.35022925511
0.354435775429
0.349629405141
0.348495689034
0.351329827309
0.350705523789
0.353204378486
0.346139398217
0.34131911993
0.346361408383
0.343461003527
0.342345566303
0.338569398224
0.341658999026
0.337480952591
0.33595373854
0.33853225559
0.334731902182
0.326255694032
0.33996630609
0.331908441707
0.33220435679
0.332364242524
0.334284556657
0.333551403135
0.324198365584
0.331198860705
