2.26346446276
2.23815851212
2.23191117644
2.22720473409
2.21740369201
2.20214338303
2.16683585048
2.08350662589
1.89908327758
1.62992297411
1.35866484046
1.15599927306
1.02070325017
0.938291111588
0.870960013568
0.82117741704
0.78001280129
0.749324311316
0.728345288336
0.698645620048
0.673674325645
0.656932608783
0.64386806339
0.622491258383
0.610622283816
0.604974984378
0.589501067996
0.580860584229
0.566553392261
0.555393245071
0.553286838531
0.547035627812
0.530831480026
0.527446369082
0.521624908596
0.504435165972
0.50449161157
0.495602108538
0.495459632576
0.484382209182
0.477084191889
0.475482534617
0.468351253122
0.462559045106
0.453073069453
0.456068041921
0.452707735449
0.449399773777
0.44375076592
0.436130238324
0.430961879343
0.430182354897
0.423661892861
0.42283802256
0.420602954924
0.410270235687
0.412674819678
0.407186731696
0.406301653385
0.40214105472
0.397132942826
0.392294964194
0.387492724508
0.386738464236
0.381958318502
0.379520216584
0.379571997374
0.373301653564
0.373314863443
0.366879122704
0.365144170821
0.361996088177
0.359148044884
0.357178481668
0.355650862306
0.351374533027
0.347814778984
0.345108727366
0.34653769806
0.342925277352
0.344079816341
0.344617489725
0.338658234105
0.333742032945
0.332027424127
0.327896068245
0.33131173104
0.327301429212
0.321014194936
0.315758309886
0.313330942392
0.312271012366
0.309698062018
0.308952974156
0.309728929028
0.309972273186
0.31147419028
0.306887135655
0.304498051852
0.304070682824
0.293730539829
0.303402657062
0.297906466201
0.289267751947
0.286847262457
0.290612377599
0.285732816532
0.284378670901
0.286552225426
0.282828917727
0.282969152555
0.277359192073
0.276621489227
0.27932687141
0.270195303485
0.273653334379
0.268763965741
0.265651617572
0.269733376056
0.266918038949
0.261827911809
0.263671995327
0.263558677956
0.261234116182
0.259513869882
0.253018524498
0.254051176459
0.255489368364
0.254969573021
0.254909675941
0.250562975556
0.248054965213
0.236551716924
0.241976376995
0.242579357699
0.24199684523
0.238693882525
0.240965253487
0.236646522582
0.23410878703
0.239106501639
0.234329452366
0.233675061539
0.22817186825
0.228295840323
0.223211378232
0.228561281785
0.218139253557
0.218751589209
0.21517688632
0.213833231106
0.223607612774
0.218351171911
0.218749406189
0.213054051623
0.215269223601
0.217695626244
0.212833414227
0.209720382839
0.208570471033
0.212622508779
0.20960926488
0.210284189507
0.206895188242
0.205524602532
0.205351204798
0.201185769588
0.206099173054
0.196765764803
0.201324694231
0.199488527887
0.195485299081
0.193556439504
0.198071664572
0.194699217752
0.195327043906
0.19457565397
0.18847178854
0.192937079817
0.192513541877
0.182645057328
0.185867713764
0.189444099739
0.185665556416
0.18273293972
0.187370664999
0.181342704967
0.179243949428
0.17739473898
0.181363434345
0.175608558208
0.178123920411
0.178442332521
0.175959124416
0.175639754534
0.174323070236
0.178707434237
0.170559870824
0.173060935177
0.172682755068
